000202011251800550000000100

000202011251800550000000100

001202011251800550000000100

000202011251800550000000100

001202011251800550000000100

000202011251802270000000100

000202011251804230000000100

000202011251806070000000100

001202011251815020000000100

001202011251816500000000100

001202011251827360000000100

001202011251827360000000100
001202011251829130000000100

001202011251827360000000100
001202011251829130000000100
001202011251835350000000100

001202011251827360000000100
001202011251829130000000100
001202011251835350000000100
001202011251838490000000100
001202011251839220000000000
001202011251839260000000000
001202011251839270000000000
001202011251839290000000000

